 lwork:      460800
 lwmax:      460800
 work(1): (3557568.00000000,0.000000000000000E+000)
