 h=  0.6000000    
 V=  0.0000000E+00
 T=  9.9999997E-05
 xp=          12
 yp=          36
